dateTime,dos1rate,peak_std,Lm_OPQ,MLT_OPQ,lat,lon,alt,Dist_In_Track,Lag_In_Track,Dist_Total,Loss_Cone_Type,flag,AE,time_cc,space_cc,time_spatial_A,time_spatial_B,peak_width_A,peak_width_B
2014-12-19 11:45:30.500000,290.002,2.8401989758158117,6.667889999999999,10.7136,62.7607,-35.69300000000001,662.26,461.176,61.2438,461.422,0.0,4.0,51.0,0.09486783934206727,0.8703882487716177,2014-12-19 11:44:29.256200,2014-12-19 11:45:30.500000,,0.6187489583333333
2014-12-19 18:17:11.099999,340.0019999999999,14.832430684146145,7.2484199999999985,7.9818,63.5059,-134.134,663.7389999999998,463.721,61.5946,463.972,1.0,0.0,405.0,0.2884737242447917,0.892240898568602,2014-12-19 18:16:09.505399,2014-12-19 18:17:11.099999,,0.5533329777801481
2014-12-19 18:17:12.300000,340.0019999999999,11.704742628524555,7.279719999999998,7.97519,63.5759,-134.189,663.824,463.718,61.5946,463.968,1.0,0.0,405.0,0.09001246862066066,0.8956322828611353,2014-12-19 18:16:10.705400,2014-12-19 18:17:12.300000,,0.4868897845803909
2014-12-19 21:33:52.899999,640.003,14.35273493101576,6.9721,7.4565899999999985,70.3503,170.045,670.69,464.995,61.7903,465.247,1.0,20.0,99.0,0.5361306800121671,0.8410112885266241,2014-12-19 21:33:52.899999,2014-12-19 21:34:54.690299,0.5654422742174978,0.957142816326764
2015-03-26 07:31:44.500000,170.00099999999995,1.4552094701964384,7.088310000000001,10.3977,69.2889,21.2179,632.797,243.682,32.2168,243.716,1.0,0.0,201.0,0.2613253155072939,0.8880046582678353,2015-03-26 07:31:12.283200,2015-03-26 07:31:44.500000,0.05719204011371444,0.6208181250000001
2015-03-26 09:20:42.600000,280.002,4.724573055972843,10.4574,21.9979,66.8206,-145.679,660.1519999999998,242.736,32.2198,242.77,-1.0,0.0,43.0,0.07731680198284871,0.8094476303025153,2015-03-26 09:20:10.380200,2015-03-26 09:20:42.600000,0.07500012499937495,0.4038651185066346
2015-03-29 06:40:40.600000,280.002,15.297091226765964,7.1155,10.314,-59.1821,68.8704,664.064,226.152,30.03,226.187,0.0,0.0,330.0,-4.735507103406928e-06,0.8422753328116591,2015-03-29 06:40:10.570000,2015-03-29 06:40:40.600000,0.062499999999999466,0.8674999125004377
2015-03-29 07:14:50.100000,250.001,2.078816075444532,6.0784,10.3433,67.5979,27.2824,636.625,227.004,30.0256,227.032,1.0,16.0,285.0,0.07190860166536478,0.8214506651269488,2015-03-29 07:14:50.100000,2015-03-29 07:15:20.125600,0.4583326506954098,0.29996589154268005
2015-03-29 07:16:14.000000,90.0005,1.8074016955012355,7.82445,10.3587,70.6577,23.3151,639.419,226.938,30.0308,226.965,0.0,0.0,272.0,0.5170191005152585,0.8641778650593219,2015-03-29 07:15:43.969200,2015-03-29 07:16:14.000000,0.7,0.7000214999230004
2015-03-29 12:53:06.900000,180.00099999999995,3.1666745370273923,5.89808,22.0257,-50.6137,132.625,706.052,223.946,29.9275,223.98,1.0,4.0,281.0,0.03591940123431673,0.8908312360951797,2015-03-29 12:52:36.972500,2015-03-29 12:53:06.900000,0.099969518593658,0.6423418483448164
2015-03-29 13:44:06.000000,130.001,4.060828305687808,7.80175,9.53325,60.5228,-64.5874,631.5459999999998,225.667,29.8322,225.693,0.0,16.0,243.0,0.3173256056956761,0.8919662054711742,2015-03-29 13:44:06.000000,2015-03-29 13:44:35.832200,0.4933330666693333,0.1
2015-03-29 20:18:16.899999,440.002,3.358764392183305,7.030869999999998,7.47831,68.9418,-170.041,639.066,223.955,29.6355,223.981,1.0,0.0,254.0,0.19912517401252375,0.8587221111139496,2015-03-29 20:17:47.264499,2015-03-29 20:18:16.899999,,0.7545454820932466
2015-03-29 21:06:26.399999,330.0019999999999,14.7309538048288,4.65531,19.8471,-67.089,-0.118129,702.4630000000002,222.067,29.6492,222.101,0.0,16.0,115.0,0.11465743207244837,0.8738733342221622,2015-03-29 21:06:26.399999,2015-03-29 21:06:56.049199,0.67330806136409,
2015-03-30 01:12:06.900000,130.001,2.4961634704111098,6.32693,8.637039999999999,70.2236,114.926,640.514,222.773,29.4846,222.799,1.0,0.0,85.0,0.20826067033475407,0.9010890141389308,2015-03-30 01:11:37.415400,2015-03-30 01:12:06.900000,,0.5799930468620087
2015-03-30 11:42:57.899999,230.001,4.587325903116134,5.59888,22.248,-51.9389,149.68,704.488,217.971,29.1211,218.003,1.0,4.0,43.0,0.01531094355217645,0.8192172453946701,2015-03-30 11:42:28.778899,2015-03-30 11:42:57.899999,,0.634086234527073
2015-04-03 23:36:12.300000,100.001,2.5298379394755703,8.06011,12.741,-63.271,177.507,656.015,195.39,25.9139,195.414,1.0,0.0,262.0,0.3496027904770828,0.8080445073461068,2015-04-03 23:35:46.386100,2015-04-03 23:36:12.300000,0.5000009999999999,0.6599992000039601
2015-04-04 01:15:02.500000,870.005,3.645193586020037,9.57872,12.2208,-59.6727,150.52700000000004,652.261,195.112,25.8656,195.136,1.0,0.0,175.0,0.001416269618234652,0.8560907679230118,2015-04-04 01:14:36.634400,2015-04-04 01:15:02.500000,0.1999986111203699,0.9391137332295202
2015-04-04 01:15:29.300000,550.003,4.898503178863825,7.713610000000001,11.9673,-56.5453,148.834,649.229,195.143,25.865,195.167,1.0,0.0,175.0,0.08523106293818469,0.9167314621196988,2015-04-04 01:15:29.300000,2015-04-04 01:15:55.165000,0.588310910297218,
2015-04-04 13:12:25.199999,550.003,12.721007912382868,6.946789999999999,9.76437,60.13800000000001,-56.5038,642.943,193.557,25.6322,193.573,0.0,0.0,268.0,0.2882681024791893,0.8407195897003465,2015-04-04 13:11:59.567799,2015-04-04 13:12:25.199999,,0.4238711505092948
2015-04-04 15:03:07.200000,380.002,14.07128281287815,6.685060000000001,23.2545,70.0466,132.244,679.065,192.76,25.6526,192.778,1.0,0.0,178.0,0.4250775019166922,0.8066993255712139,2015-04-04 15:02:41.547400,2015-04-04 15:03:07.200000,,0.5714280196572844
2015-04-04 18:55:59.500000,400.002,3.300018469346678,6.13741,19.8429,-64.77,34.4733,690.828,190.689,25.4194,190.715,0.0,0.0,84.0,0.22631486248216026,0.8289739605926558,2015-04-04 18:55:59.500000,2015-04-04 18:56:24.919400,0.5162217211877018,
2015-04-06 19:13:45.200000,190.001,1.3632599822568716,6.34783,0.506289,68.2757,67.4976,684.466,180.854,24.0876,180.86900000000003,1.0,0.0,47.0,0.35325352422869505,0.8996664009650961,2015-04-06 19:13:21.112400,2015-04-06 19:13:45.200000,0.09999950000499994,0.6222275308902606
2015-04-07 06:28:01.700000,150.001,2.4961634704111098,7.44723,10.1949,70.5306,35.4501,658.6410000000002,178.565,23.6948,178.579,1.0,0.0,22.0,0.5501091774159061,0.8405551586627156,2015-04-07 06:27:38.005200,2015-04-07 06:28:01.700000,0.07499987500062498,0.5679163961826582
2015-04-07 06:28:06.099999,190.001,4.0000059999960005,7.58865,10.1941,70.7757,35.092,658.928,178.562,23.6951,178.576,0.0,0.0,22.0,0.3648680468500957,0.8967376044024006,2015-04-07 06:27:42.404899,2015-04-07 06:28:06.099999,0.20000000000000065,0.5520778558102346
2015-04-08 14:29:33.299999,150.001,3.3166398658883662,2.18225,10.7568,-55.0406,-50.3777,639.87,170.61700000000005,22.5851,170.63299999999995,1.0,0.0,53.0,0.06116232253117409,0.9630285232410704,2015-04-08 14:29:33.299999,2015-04-08 14:29:55.885099,0.3310605632464002,
2015-04-09 07:35:10.000000,440.002,13.527786219481735,6.27751,22.1806,59.1981,-124.771,692.715,166.988,22.2692,167.005,1.0,16.0,157.0,0.3249850730631994,0.8286286573781817,2015-04-09 07:35:10.000000,2015-04-09 07:35:32.269200,0.5519230816298183,
2015-04-09 09:11:59.799999,240.001,2.8284357671493097,6.80525,22.0415,63.9267,-145.974,691.0939999999998,166.695,22.2249,166.71099999999996,1.0,0.0,135.0,0.5304664141828787,0.8932541914708103,2015-04-09 09:11:37.575099,2015-04-09 09:11:59.799999,0.7333327777831482,0.4797211188811189
2015-04-14 17:44:13.300000,350.0019999999999,1.4762110475291357,6.24884,8.39456,60.1284,-124.522,665.937,140.136,18.6168,140.144,1.0,0.0,662.0,-0.2921698714871153,0.8280315199585667,2015-04-14 17:44:13.300000,2015-04-14 17:44:31.916800,0.6400402992700143,
2015-04-14 21:15:01.000000,770.0039999999998,5.735035612549742,4.62939,0.654814,63.6049,33.0114,698.921,138.778,18.5227,138.78799999999998,1.0,0.0,486.0,-0.1983719796791954,0.8300025909029527,2015-04-14 21:14:42.477300,2015-04-14 21:15:01.000000,,0.7197659973392541
2015-04-14 22:40:09.300000,420.002,12.332897173522394,5.65503,8.17751,68.7782,154.529,674.6360000000002,139.319,18.5276,139.326,1.0,0.0,343.0,-0.323006513129832,0.851547712097944,2015-04-14 22:40:09.300000,2015-04-14 22:40:27.827600,0.4981013614771367,0.054999950000499
2015-04-14 22:41:13.500000,270.001,1.697332808319231,6.936730000000002,7.9313,71.3228,150.94899999999996,677.059,139.257,18.5269,139.264,1.0,0.0,331.0,0.14085839450534082,0.8498758048169064,2015-04-14 22:40:54.973100,2015-04-14 22:41:13.500000,0.1,0.42500107142857146
2015-04-15 12:40:46.899999,299.971,5.191099393056091,6.32942,10.6345,-74.8957,-3.69637,645.521,135.769,17.979,135.77700000000002,0.0,0.0,608.0,0.29650513454467503,0.8131801080805733,2015-04-15 12:40:46.899999,2015-04-15 12:41:04.878999,0.511460066599556,0.1
2015-04-15 19:13:12.300000,1130.01,6.766286518608288,4.4641,12.8177,-71.0774,-108.878,642.45,134.366,17.7865,134.373,1.0,0.0,857.0,-0.26009322086507336,0.8008325574005548,2015-04-15 19:13:12.300000,2015-04-15 19:13:30.086500,0.7542238974363686,
2015-04-15 19:50:23.399999,1820.01,3.2271319294112795,5.3764,8.06332,64.2081,-158.785,672.3610000000001,134.715,17.9114,134.722,1.0,0.0,964.0,0.3983475013634799,0.8378894068898141,2015-04-15 19:50:23.399999,2015-04-15 19:50:41.311399,0.7447668999862483,0.2574999999999996
2015-04-16 00:57:38.600000,1560.01,2.4278987872456432,6.45366,0.728137,63.2083,-22.9216,700.164,132.895,17.7398,132.904,0.0,0.0,797.0,0.7888245553326051,0.8423975875843757,2015-04-16 00:57:38.600000,2015-04-16 00:57:56.339800,0.6922185022776107,
2015-04-16 02:22:51.100000,2360.01,7.1082994796124135,5.256,9.23964,67.3713,100.326,675.975,133.061,17.7011,133.06799999999998,1.0,0.0,902.0,-0.31846592161384674,0.8419520300122711,2015-04-16 02:22:33.398900,2015-04-16 02:22:51.100000,,0.4529274972129319
2015-04-16 02:23:13.500000,2440.01,8.930483716432375,6.2201,9.13753,69.6364,97.7314,677.998,133.047,17.7016,133.053,1.0,0.0,902.0,-0.5580399109805917,0.8962062079422163,2015-04-16 02:23:13.500000,2015-04-16 02:23:31.201600,0.4739638105389626,
2015-04-16 04:49:34.600000,1080.01,15.165783857090936,3.91767,21.8633,-67.2793,-116.253,662.932,131.767,17.4945,131.775,1.0,4.0,589.0,0.2385036595880988,0.8404063845406691,2015-04-16 04:49:34.600000,2015-04-16 04:49:52.094500,0.44585235289465575,0.29998000019999804
2015-04-16 04:50:59.500000,740.0039999999998,6.576106593850501,5.2275800000000014,21.7862,-71.0778,-121.147,660.883,131.8,17.4915,131.809,1.0,0.0,583.0,0.05875896323906201,0.8154902477184979,2015-04-16 04:50:42.008500,2015-04-16 04:50:59.500000,,0.5979797922662097
2015-04-16 05:38:19.399999,900.005,5.190291152591727,5.87284,10.0462,67.8555,50.9786,676.6110000000001,132.281,17.597,132.28799999999998,1.0,0.0,552.0,0.5708931514872613,0.8275251256989985,2015-04-16 05:38:19.399999,2015-04-16 05:38:36.996999,0.5760560282189386,0.8139151236725344
2015-04-16 09:07:56.799999,1780.01,7.60987770467226,4.29997,22.0926,58.8967,-148.153,700.815,130.738,17.4554,130.75,1.0,0.0,558.0,0.3966316180638872,0.8044726128106842,2015-04-16 09:07:56.799999,2015-04-16 09:08:14.255399,0.4230071206950612,
2015-04-16 11:31:31.300000,1330.01,4.6484422472187665,5.84658,10.2699,-71.3692,6.95558,641.8919999999998,130.50799999999998,17.2728,130.514,0.0,0.0,998.0,-0.3914105290711574,0.8173597126193589,2015-04-16 11:31:14.027200,2015-04-16 11:31:31.300000,,0.9532521648644384
2015-04-16 12:07:59.799999,550.003,2.731533928608968,6.84496,10.1049,62.4055,-41.8975,672.187,130.757,17.3854,130.764,0.0,0.0,758.0,0.3991028351367596,0.8610173869922126,2015-04-16 12:07:59.799999,2015-04-16 12:08:17.185399,0.483200671560535,
2015-04-16 15:36:05.900000,690.0039999999998,11.04540628496752,6.45348,23.4517,69.5478,123.364,699.669,129.643,17.3022,129.65200000000002,1.0,0.0,104.0,0.9200010099698764,0.8639307767207081,2015-04-16 15:36:05.900000,2015-04-16 15:36:23.202200,0.3523593368362229,0.3
2015-04-16 18:38:44.399999,1350.01,4.097655036514719,5.32767,8.33005,60.635,-138.465,671.1489999999999,129.435,17.2077,129.442,1.0,0.0,1108.0,-0.06016415507852625,0.8116214352550951,2015-04-16 18:38:44.399999,2015-04-16 18:39:01.607699,0.6498512092339349,
2015-04-16 19:29:51.299999,270.001,12.297342233376806,5.99257,19.6886,-67.1814,23.7693,661.5369999999998,128.415,17.0463,128.424,0.0,4.0,1031.0,-0.137559628637621,0.8372416827056646,2015-04-16 19:29:51.299999,2015-04-16 19:30:08.346299,0.4707252714538793,0.075
2015-04-16 20:18:24.199999,3060.02,8.4724308482729,5.6928,7.94268,66.0832,-167.357,676.449,129.019,17.1649,129.025,1.0,0.0,1265.0,0.06916159619395885,0.8250357308742441,2015-04-16 20:18:07.035099,2015-04-16 20:18:24.199999,0.7620255568002735,0.5393697728638516
2015-04-16 20:19:08.699999,1390.01,6.463682610031878,6.831169999999998,7.656919999999999,68.6147,-170.06400000000005,678.735,128.99,17.1659,128.997,1.0,0.0,1165.0,,0.8354683488545273,2015-04-16 20:18:51.534099,2015-04-16 20:19:08.699999,,0.7864962594692503
2015-04-16 20:30:14.400000,1580.01,8.40558991236233,6.576969999999998,0.920926,68.1472,48.2116,700.086,128.56,17.1602,128.569,1.0,0.0,1167.0,0.05849827103257903,0.8077018439371926,2015-04-16 20:29:57.239800,2015-04-16 20:30:14.400000,0.7876476398004648,0.7869856761127411
2015-04-16 20:31:11.000000,1950.01,6.5276639120216835,4.64222,0.561582,63.9466,44.2288,700.836,128.52700000000002,17.1581,128.536,1.0,0.0,1200.0,-0.055267785577449054,0.8689886711340763,2015-04-16 20:31:11.000000,2015-04-16 20:31:28.158100,0.7774957857602718,
2015-04-16 23:34:53.299999,450.002,9.41576048149014,6.11321,8.32962,69.9825,139.372,680.242,128.33100000000002,17.0795,128.33700000000002,1.0,0.0,979.0,-0.4392275559336595,0.8666834871185211,2015-04-16 23:34:53.299999,2015-04-16 23:35:10.379499,0.5266629661524731,0.33145125000000103
2015-04-17 01:24:17.600000,260.001,4.874189189713159,9.03578,0.885131,65.0645,-28.1668,700.855,127.572,17.0303,127.582,0.0,0.0,334.0,0.5676811187506144,0.8120799423929387,2015-04-17 01:24:17.600000,2015-04-17 01:24:34.630300,,0.566658110283994
2015-04-21 06:15:52.700000,510.003,10.677125081219195,5.02126,10.2048,65.4892,43.7485,684.997,107.064,14.2614,107.07,1.0,0.0,343.0,-0.1238307598594676,0.8320021448131376,2015-04-21 06:15:38.438600,2015-04-21 06:15:52.700000,,0.7784032264221975
2015-04-21 06:16:29.899999,550.003,2.984816037356424,5.86002,10.1958,67.6104,41.6236,686.705,107.045,14.2617,107.05,1.0,0.0,343.0,-0.03149135471922022,0.8256220026400728,2015-04-21 06:16:15.638299,2015-04-21 06:16:29.899999,,0.7648384511040053
2015-04-21 06:16:42.799999,560.003,5.195051837803837,6.20185,10.1923,68.3394,40.8017,687.322,107.038,14.2617,107.043,1.0,0.0,366.0,0.5489650949808134,0.9187107057416986,2015-04-21 06:16:28.538299,2015-04-21 06:16:42.799999,,0.8050703479980774
2015-04-21 06:31:06.900000,1380.01,6.78824574687747,6.6574399999999985,22.396,57.0588,-109.911,701.8560000000001,106.67,14.2451,106.68,1.0,0.0,458.0,-0.06613069928410359,0.8352321460815602,2015-04-21 06:30:52.654900,2015-04-21 06:31:06.900000,,0.2488176951628283
2015-04-21 06:31:18.100000,380.002,4.285729737582109,6.18558,22.3928,56.402,-110.272,701.691,106.666,14.2446,106.677,1.0,0.0,458.0,0.40930536325455497,0.8842619012338193,2015-04-21 06:31:03.855400,2015-04-21 06:31:18.100000,,0.6721103914573308
2015-04-21 07:17:52.600000,560.003,4.510678123096379,8.60256,10.2175,-63.9753,62.5666,634.387,106.966,14.1455,106.973,0.0,0.0,423.0,-0.2274242675247805,0.8124977992823403,2015-04-21 07:17:52.600000,2015-04-21 07:18:06.745500,0.6183310797444921,
2015-04-21 07:19:06.000000,950.005,4.06129831608871,6.70785,10.2283,-60.4843,59.9137,633.082,106.993,14.147,107.001,0.0,0.0,433.0,0.20064806213716554,0.8614766830786291,2015-04-21 07:18:51.853000,2015-04-21 07:19:06.000000,,0.8923362291335885
2015-04-21 07:19:41.000000,660.0039999999998,2.186442951035492,5.50216,10.2387,-57.5574,58.2017,631.885,107.006,14.1479,107.014,0.0,0.0,418.0,0.7543601478147471,0.8690492715902727,2015-04-21 07:19:41.000000,2015-04-21 07:19:55.147900,0.5324997625008819,
2015-04-21 10:17:25.600000,1320.01,3.2077321730985293,4.86571,22.4073,-53.9913,170.08599999999996,656.211,105.973,14.0607,105.982,1.0,4.0,747.0,0.3262632341342636,0.8233575125482221,2015-04-21 10:17:11.539300,2015-04-21 10:17:25.600000,,0.5641121894267963
2015-04-21 11:08:03.200000,440.002,4.1109664922038105,5.57257,10.3504,61.966,-26.6682,682.375,106.133,14.1322,106.138,2.0,0.0,495.0,-0.06641865245271503,0.9087355973833356,2015-04-21 11:08:03.200000,2015-04-21 11:08:17.332200,0.4901519797386206,
2015-04-21 11:08:39.899999,410.002,4.700988996434663,6.6559300000000015,10.3583,64.0936,-28.3161,684.27,106.113,14.1325,106.118,0.0,0.0,514.0,-0.6273770282799952,0.8756532834115625,2015-04-21 11:08:39.899999,2015-04-21 11:08:54.032499,0.5476191486285366,
2015-04-21 11:08:54.000000,570.003,6.943188374713447,6.68915,10.3569,64.0904,-28.3863,684.2919999999998,106.106,14.1327,106.111,0.0,0.0,514.0,-0.0859358177537177,0.8812822592996055,2015-04-21 11:08:39.867300,2015-04-21 11:08:54.000000,,0.6563078448998961
2015-04-21 12:08:15.699999,2050.01,2.012536646861673,6.50425,10.4484,-74.2774,3.02549,638.783,105.927,14.014,105.932,0.0,0.0,814.0,-0.3369670930635651,0.9000894947960322,2015-04-21 12:08:15.699999,2015-04-21 12:08:29.713999,0.4602193178758284,
2015-04-21 12:45:02.500000,1130.01,5.695500637886979,5.87587,9.94777,59.0863,-49.2036,680.0039999999998,105.935,14.1021,105.94,1.0,0.0,348.0,0.17476411748226212,0.8126454713824319,2015-04-21 12:45:02.500000,2015-04-21 12:45:16.602100,0.4012481954054488,0.2800000000000009
2015-04-21 12:45:13.300000,980.005,6.3932059218505275,5.79279,9.94915,58.89100000000001,-49.1548,679.922,105.93,14.1024,105.936,1.0,0.0,348.0,-0.08615875340611287,0.893003784381185,2015-04-21 12:44:59.197600,2015-04-21 12:45:13.300000,,0.4235336641524686
2015-04-21 12:46:54.799999,810.0039999999998,2.836845951875584,9.30474,9.79814,64.7976,-53.4393,684.9830000000002,105.892,14.1054,105.897,0.0,0.0,328.0,0.5256741181145987,0.8684860845298108,2015-04-21 12:46:40.694599,2015-04-21 12:46:54.799999,,0.944339417659498
2015-04-21 13:46:45.399999,740.0039999999998,3.3506540161691465,4.84955,10.9547,-72.8153,-24.4956,638.143,105.866,14.0043,105.87,0.0,0.0,153.0,0.5198216888579134,0.8224465448671607,2015-04-21 13:46:31.395699,2015-04-21 13:46:45.399999,,0.5737832093244639
2015-04-21 16:59:47.200000,650.004,2.343407458737929,6.96316,13.0992,-80.2231,-45.6708,641.763,105.107,13.9097,105.11,0.0,0.0,355.0,0.2298564758331885,0.8169988859436821,2015-04-21 16:59:33.290300,2015-04-21 16:59:47.200000,0.7560530986649707,0.7512467246422039
2015-04-21 16:59:48.799999,1150.01,4.5136129649095995,6.94194,13.0919,-80.1652,-46.1422,641.712,105.107,13.9097,105.111,0.0,0.0,355.0,0.3418916009603509,0.96180275736257,2015-04-21 16:59:34.890299,2015-04-21 16:59:48.799999,,0.7419967211099542
2015-04-21 16:59:56.200000,710.0039999999998,5.888991682793453,6.76167,13.0286,-79.8895,-48.2663,641.567,105.11,13.9098,105.114,0.0,0.0,355.0,0.4275292387691244,0.8895433634467271,2015-04-21 16:59:42.290200,2015-04-21 16:59:56.200000,,0.8826699414740029
2015-04-21 17:00:36.799999,1049.9,3.7086940853972585,5.64377,12.6561,-77.5307,-60.6946,640.245,105.125,13.91,105.128,0.0,0.0,356.0,0.3692666202675106,0.8807903345527952,2015-04-21 17:00:36.799999,2015-04-21 17:00:50.709999,0.5522419977824147,
2015-04-21 22:35:02.700000,1180.01,14.388187427389864,6.20878,8.09733,69.941,154.335,689.705,102.978,13.724,102.982,1.0,4.0,380.0,0.12938555204944488,0.8347087359275621,2015-04-21 22:35:02.700000,2015-04-21 22:35:16.424000,0.7413384257894983,
2015-04-21 22:35:26.500000,830.005,4.146160307422933,6.49889,8.04117,70.4982,153.49,690.203,102.969,13.7245,102.973,1.0,0.0,380.0,-0.44031154272208706,0.8251535728545552,2015-04-21 22:35:12.775500,2015-04-21 22:35:26.500000,,0.7827750156251733
2015-04-21 22:44:12.099999,359.966,4.427197508333023,,2.35834,74.0153,23.4655,703.215,102.814,13.7279,102.819,-1.0,0.0,396.0,-0.18413787421295089,0.8507712109794993,2015-04-21 22:43:58.372099,2015-04-21 22:44:12.099999,,0.474192220983665
2015-04-22 00:14:33.700000,410.002,3.763794098917183,9.04265,8.109110000000001,74.7228,121.223,693.508,102.605,13.6812,102.608,1.0,0.0,161.0,0.29617202645612484,0.8237086851894644,2015-04-22 00:14:20.018800,2015-04-22 00:14:33.700000,,0.4690218500410181
2015-04-22 04:32:16.899999,430.002,8.354531132077932,7.4355699999999985,10.9529,-54.442,98.6203,630.818,102.626,13.5675,102.633,1.0,0.0,87.0,0.1151577735961032,0.8099512040616493,2015-04-22 04:32:03.332499,2015-04-22 04:32:16.899999,0.3,0.7236149616348009
2015-04-22 07:32:29.500000,1080.01,3.5218339973548964,7.5621800000000015,22.4214,-67.3624,-157.123,650.314,102.445,13.5773,102.45,1.0,4.0,793.0,0.4694430699668698,0.8466588030861861,2015-04-22 07:32:29.500000,2015-04-22 07:32:43.077300,0.6577851794136601,
2015-04-22 08:21:17.800000,550.003,6.324569374889497,6.25365,10.5173,67.1419,10.8827,688.329,102.773,13.6958,102.778,1.0,0.0,635.0,-0.2897818677364575,0.9734076208769388,2015-04-22 08:21:04.104200,2015-04-22 08:21:17.800000,,0.6015483315582795
2015-04-22 08:21:21.600000,610.003,5.044483031900142,6.37484,10.52,67.3576,10.6534,688.4639999999998,102.771,13.6958,102.775,0.0,0.0,635.0,-0.3890667265150292,0.8234856529127754,2015-04-22 08:21:07.904200,2015-04-22 08:21:21.600000,0.1000000000000009,
2015-04-22 13:25:32.600000,220.001,5.773533724404441,7.52428,22.7788,70.584,157.32399999999996,703.752,101.843,13.6001,101.85,0.0,0.0,69.0,0.3715981412678598,0.8466649610960469,2015-04-22 13:25:18.999900,2015-04-22 13:25:32.600000,0.7799919200484797,0.5447059699646567
2015-04-23 00:04:17.300000,200.001,2.2584241292555096,7.752739999999998,12.5941,-60.4504,168.59599999999998,632.861,100.031,13.2262,100.036,1.0,4.0,51.0,0.7155035999700411,0.9029521274123176,2015-04-23 00:04:04.073800,2015-04-23 00:04:17.300000,0.7416579768951979,0.7258868233612764
2015-04-23 01:31:22.699999,740.0039999999998,5.126530262661706,5.65366,20.3864,-76.4581,-82.6573,646.0169999999998,99.4163,13.165,99.4188,0.0,0.0,50.0,-0.2641446891265998,0.8433527201035603,2015-04-23 01:31:09.534999,2015-04-23 01:31:22.699999,,0.7011671650498847
2015-04-23 02:32:01.199999,120.001,3.1754392303358268,5.3053,23.7753,56.7938,-50.271,701.572,98.8775,13.2041,98.887,1.0,0.0,110.0,0.12941263557551844,0.8604804458772293,2015-04-23 02:31:47.995899,2015-04-23 02:32:01.199999,,0.6266527390515444
2015-04-23 04:59:32.299999,570.003,5.865312752306588,6.26997,10.7779,-53.1009,91.2731,630.67,99.1492,13.1085,99.158,1.0,0.0,222.0,0.2637222444611161,0.8505642332371465,2015-04-23 04:59:32.299999,2015-04-23 04:59:45.408499,0.5216336854684848,
2015-04-23 05:33:14.500000,500.003,7.712035145310264,6.5831,10.0223,69.3783,50.4725,691.572,98.7126,13.1592,98.7182,1.0,0.0,96.0,0.5317472179236048,0.8216248981527535,2015-04-23 05:33:14.500000,2015-04-23 05:33:27.659200,0.4167741530702919,
2015-04-23 05:34:08.099999,520.003,3.0508561462097834,7.86804,9.99014,71.61,47.1935,693.1,98.6779,13.1579,98.6831,0.0,0.0,94.0,-0.1489172693434758,0.9174312009174594,2015-04-23 05:33:54.942099,2015-04-23 05:34:08.099999,,0.6318186363636364
2015-04-23 05:35:17.100000,330.0019999999999,3.829714233613884,10.4722,9.91908,75.2622,39.7143,695.6489999999999,98.6336,13.1559,98.6383,-1.0,0.0,93.0,0.7592232735929177,0.8401242948844194,2015-04-23 05:35:03.944100,2015-04-23 05:35:17.100000,0.51666678333255,0.2111108024725649
2015-04-23 05:47:20.100000,110.001,2.1105939393649,8.55739,22.6069,57.8522,-98.5824,701.804,98.2607,13.1219,98.2715,0.0,0.0,63.0,0.3526730230384749,0.8852775022867472,2015-04-23 05:47:06.978100,2015-04-23 05:47:20.100000,0.7499999999999999,0.4666654222386072
2015-04-23 07:11:53.700000,150.001,2.581998364747022,8.29947,10.3808,71.4518,22.9981,693.1210000000002,98.5428,13.1399,98.5475,0.0,0.0,39.0,0.3579300253014074,0.9081914607296973,2015-04-23 07:11:40.560100,2015-04-23 07:11:53.700000,0.7333331111125925,0.7375012708112152
2015-04-23 09:00:46.899999,110.001,2.713616902626633,9.13395,22.0221,65.3881,-142.053,703.452,97.8775,13.0713,97.8853,0.0,0.0,144.0,0.36431327745101255,0.8100020835168464,2015-04-23 09:00:33.828699,2015-04-23 09:00:46.899999,0.10000050000000008,0.5199996533310756
2015-04-23 12:49:42.399999,100.001,2.87771694245508,11.1704,21.9865,-54.8919,131.622,651.509,97.3502,12.9078,97.3586,-1.0,4.0,62.0,,0.9462687752761006,2015-04-23 12:49:29.492199,2015-04-23 12:49:42.399999,,0.5527783833272778
2015-04-23 13:52:09.500000,140.001,3.474407789796198,9.50041,22.9675,72.2336,153.15,704.1010000000001,96.6162,12.9023,96.622,0.0,0.0,49.0,-0.03097104950799976,0.8161711767603352,2015-04-23 13:51:56.597700,2015-04-23 13:52:09.500000,,0.6692305059203391
2015-04-24 04:22:16.000000,160.001,11.352107733810403,5.9529999999999985,9.75169,68.4071,69.3207,692.385,94.3603,12.5808,94.3644,1.0,0.0,395.0,0.3611723951281864,0.8127615142040437,2015-04-24 04:22:16.000000,2015-04-24 04:22:28.580800,0.5125020627867233,0.2
2015-04-24 04:22:47.600000,920.005,3.772974926024952,6.43476,9.72633,69.4711,67.9507,693.1110000000001,94.3452,12.5806,94.3491,1.0,0.0,400.0,-0.3006117522621152,0.8011830554442947,2015-04-24 04:22:35.019400,2015-04-24 04:22:47.600000,,0.7817908085217246
2015-04-28 11:15:18.000000,70.0004,3.1622934715171516,7.03558,22.2094,67.9991,-173.22299999999996,703.1139999999998,83.3172,11.1255,83.3236,0.0,0.0,335.0,2.5274329298718013e-05,0.8847967797284775,2015-04-28 11:15:18.000000,2015-04-28 11:15:29.125500,0.4999960001879913,
2015-04-28 11:15:26.600000,120.001,3.1754392303358268,7.1550699999999985,22.2085,68.1436,-173.123,703.051,83.3168,11.1253,83.3234,0.0,4.0,335.0,-0.1990775542437059,0.8275870579402189,2015-04-28 11:15:15.474700,2015-04-28 11:15:26.600000,,0.1749698748506261
2015-04-28 11:15:40.500000,170.00099999999995,3.299841335504852,6.00759,22.2134,66.7285,-174.583,702.64,83.3167,11.1251,83.3236,1.0,0.0,322.0,0.4136881797172736,0.929702614331568,2015-04-28 11:15:40.500000,2015-04-28 11:15:51.625100,0.44444459259160496,
2015-04-28 11:49:06.400000,259.975,4.3339513437563095,6.74101,22.2086,-53.5441,147.291,642.692,83.7572,11.0922,83.7674,1.0,4.0,176.0,0.1853091804917246,0.8139064600685093,2015-04-28 11:48:55.307800,2015-04-28 11:49:06.400000,,0.3454662011020788
2015-04-28 13:25:57.899999,140.001,14.832430684146145,6.2392400000000015,21.8964,-50.8037,124.127,643.0509999999998,83.5494,11.0664,83.5609,1.0,0.0,155.0,-0.08157458403309814,0.9330655714785852,2015-04-28 13:25:57.899999,2015-04-28 13:26:08.966399,0.4784730731484575,
2015-04-28 14:30:50.600000,110.001,2.1105939393649,5.95471,23.0767,68.8532,138.814,703.155,82.6118,11.0311,82.6167,1.0,0.0,437.0,0.19122726719610975,0.8361103191190609,2015-04-28 14:30:39.568900,2015-04-28 14:30:50.600000,,0.6266491454264168
2015-04-28 16:08:14.699999,140.001,1.632833939301228,6.56688,23.6675,69.5851,115.351,703.327,82.4632,11.0115,82.4676,1.0,0.0,224.0,0.41183048649733217,0.8116028916495897,2015-04-28 16:08:14.699999,2015-04-28 16:08:25.711499,0.3756942975513196,0.3125003124984374
2015-04-28 16:08:21.600000,300.002,4.0166479114368965,6.721310000000001,23.679,69.8154,115.593,703.3910000000002,82.4639,11.0115,82.4684,1.0,0.0,224.0,0.13292770122270234,0.851720115128077,2015-04-28 16:08:10.588500,2015-04-28 16:08:21.600000,0.5000009999949999,0.4583335648140432
2015-04-28 18:30:19.100000,140.001,12.884137534192964,8.018130000000001,14.6262,-81.8498,-45.6951,638.252,83.071,10.9884,83.0731,0.0,0.0,46.0,0.5228281589389303,0.8672239131592397,2015-04-28 18:30:19.100000,2015-04-28 18:30:30.088400,0.4379808370464211,
2015-04-28 20:02:39.299999,220.001,2.366522573092994,5.88394,19.5505,-69.5024,12.8989,640.297,83.2601,11.0185,83.2644,0.0,4.0,33.0,0.08865620137361603,0.834305574939528,2015-04-28 20:02:28.281499,2015-04-28 20:02:39.299999,,0.6279349844178451
2015-04-29 14:06:26.000000,310.002,3.4945800339256694,6.3068800000000005,11.2711,-76.9952,-19.1121,637.523,81.2804,10.751,81.2819,0.0,0.0,56.0,-0.056019892281059386,0.8051396290204993,2015-04-29 14:06:15.249000,2015-04-29 14:06:26.000000,,0.6719607935423989
2015-04-30 02:12:08.599999,860.005,2.6235930822234232,6.81544,9.08726,70.8882,98.7056,700.9789999999998,82.509,11.0137,82.5123,1.0,0.0,308.0,0.28031475189710303,0.9654994127848396,2015-04-30 02:12:08.599999,2015-04-30 02:12:19.613699,0.6774231352052389,0.9710638365061236
2015-04-30 04:03:37.200000,160.001,3.250009843735108,8.10568,23.2701,57.6296,-72.7919,696.547,82.3142,10.9841,82.3205,0.0,0.0,67.0,0.24760345599883826,0.8102667348639555,2015-04-30 04:03:26.215900,2015-04-30 04:03:37.200000,,
2015-04-30 04:03:43.299999,260.001,4.1184446459530815,7.782030000000002,23.2536,57.2719,-72.9932,696.304,82.3136,10.9838,82.32,0.0,0.0,67.0,0.4937302491390937,0.8898809391443645,2015-04-30 04:03:32.316199,2015-04-30 04:03:43.299999,,0.4365317931912329
2015-04-30 04:53:32.000000,530.003,5.494434479796093,6.61774,10.8327,-53.5447,92.9034,636.896,81.7617,10.8192,81.7669,1.0,0.0,43.0,0.2259795961403742,0.843636446554859,2015-04-30 04:53:21.180800,2015-04-30 04:53:32.000000,,0.7639611944250453
2015-04-30 05:27:47.700000,240.001,3.878364968178264,7.0968,9.99453,70.391,50.4618,700.687,81.2926,10.8516,81.2977,1.0,0.0,30.0,-0.29382652333505904,0.9642628995890258,2015-04-30 05:27:36.848400,2015-04-30 05:27:47.700000,,0.5937531249999999
2015-04-30 05:28:10.500000,380.002,4.704433165934294,7.83655,9.97401,71.6402,48.5658,701.2339999999998,81.2796,10.8504,81.2844,0.0,0.0,30.0,-0.018657410821987387,0.849863096574028,2015-04-30 05:27:59.649600,2015-04-30 05:28:10.500000,,0.7923295406683527
2015-04-30 06:29:29.399999,190.001,2.752995326675762,8.00948,10.4244,-60.1656,72.1035,637.129,81.5711,10.7922,81.5748,0.0,0.0,21.0,-0.5344638576523801,0.835979247816348,2015-04-30 06:29:18.607799,2015-04-30 06:29:29.399999,,0.07500000000000062
2015-04-30 22:38:05.900000,220.001,2.3333401851751545,7.222360000000001,18.5589,-80.0703,-56.8121,638.44,79.6347,10.534,79.6356,0.0,0.0,39.0,0.2364202340133529,0.8209636261002689,2015-04-30 22:37:55.366000,2015-04-30 22:38:05.900000,,0.7888899228383919
2015-05-02 19:33:48.000000,110.001,8.543599943817595,10.4708,1.1322299999999998,72.0577,67.4398,701.171,76.5194,10.2145,76.5236,-1.0,4.0,235.0,-0.0700123763909915,0.8610528192745369,2015-05-02 19:33:37.785500,2015-05-02 19:33:48.000000,,0.4857132902601748
2015-05-02 22:00:34.899999,280.002,15.066552359448394,7.62478,13.722,-70.8784,-151.03,639.082,75.5872,10.0012,75.5887,1.0,0.0,53.0,0.08323626648865119,0.8412625277523998,2015-05-02 22:00:34.899999,2015-05-02 22:00:44.901199,0.546694390607651,0.16249999999999973
2015-05-04 18:50:22.500000,130.001,13.527985270700706,8.90255,0.800804,71.2576,77.0558,698.877,71.7032,9.56846,71.7075,1.0,0.0,31.0,0.040240459862608526,0.8906405175446418,2015-05-04 18:50:12.931540,2015-05-04 18:50:22.500000,0.4000000000000001,0.7000003333316666
2015-05-05 11:55:39.500000,1379.87,4.125410342100576,7.699,10.3816,-76.0463,10.6035,641.13,71.0214,9.39895,71.0221,0.0,0.0,430.0,-0.2763549530722586,0.9280718190455052,2015-05-05 11:55:30.101050,2015-05-05 11:55:39.500000,,0.8428038842028271
2015-05-05 11:55:47.200000,1690.01,4.281149229010436,7.1669,10.3747,-75.1706,8.22387,641.071,71.0238,9.39941,71.0245,0.0,0.0,430.0,0.8681382677440015,0.8627682170564706,2015-05-05 11:55:47.200000,2015-05-05 11:55:56.599410,0.7543766431097747,
2015-05-06 11:37:23.800000,350.0019999999999,2.4596798063978267,4.54028,22.2628,64.2382,177.84099999999995,692.567,68.5134,9.13588,68.5187,1.0,0.0,273.0,0.5337655622176077,0.8808443191738995,2015-05-06 11:37:23.800000,2015-05-06 11:37:32.935880,0.5687612107297394,
2015-05-06 11:37:29.899999,260.001,2.581998364747022,4.60917,22.2626,64.4143,177.942,692.487,68.51100000000001,9.13532,68.5164,1.0,0.0,273.0,0.03352044927513681,0.8049999124001593,2015-05-06 11:37:20.764679,2015-05-06 11:37:29.899999,,0.7263900694444445
2015-05-06 11:37:35.100000,160.001,4.384077175416044,4.29934,22.2628,63.5871,177.30200000000005,692.096,68.5094,9.13489,68.5148,1.0,0.0,305.0,-0.17575464589378967,0.8758683200942824,2015-05-06 11:37:35.100000,2015-05-06 11:37:44.234890,0.4547496703014643,
2015-05-06 11:37:41.299999,230.001,1.8708380475089608,4.35955,22.2626,63.7579,177.391,691.99,68.5077,9.13441,68.5131,1.0,0.0,305.0,0.03274737963413765,0.8849985298678087,2015-05-06 11:37:32.165589,2015-05-06 11:37:41.299999,,0.6031257278649789
2015-05-06 11:37:44.100000,150.001,2.2136085923238547,4.29898,22.2626,63.5964,177.26,691.825,68.5069,9.13419,68.5124,1.0,0.0,305.0,0.20097498590278765,0.9061461546010072,2015-05-06 11:37:34.965810,2015-05-06 11:37:44.100000,,0.3999991428644897
2015-05-06 12:59:36.600000,190.001,3.944267046057367,5.2992300000000006,9.88368,57.1343,-51.9673,699.705,68.7422,9.1774,68.7518,1.0,0.0,781.0,0.6429269475155475,0.8507534200334479,2015-05-06 12:59:36.600000,2015-05-06 12:59:45.777400,0.36825234834344334,0.3499797501012493
2015-05-06 13:46:29.399999,239.977,2.9068945199303755,5.59742,21.8274,-49.6176,119.34,632.276,68.3675,9.04208,68.3788,1.0,4.0,603.0,0.13657382020044134,0.8659146853051571,2015-05-06 13:46:29.399999,2015-05-06 13:46:38.442079,0.37500589983952703,0.29999762498812504
2015-05-06 13:46:38.399999,200.001,3.8013239469954736,5.59549,21.8256,-49.6129,119.288,632.4,68.3696,9.04229,68.3806,1.0,4.0,617.0,0.5964869177544441,0.8898917511084964,2015-05-06 13:46:29.357709,2015-05-06 13:46:38.399999,,0.3685263687208839
2015-05-06 17:53:24.699999,440.002,9.836190192346553,5.25178,8.6465,57.9639,-125.845,699.959,67.9664,9.07436,67.973,1.0,0.0,526.0,-0.4284001674899535,0.9484558258904094,2015-05-06 17:53:15.625639,2015-05-06 17:53:24.699999,,0.5105612755352367
2015-05-06 17:53:42.899999,500.003,2.348433454626824,5.79824,8.514289999999999,59.5582,-126.758,700.779,67.9571,9.07338,67.9633,1.0,4.0,529.0,0.35645374701197985,0.8066583090041822,2015-05-06 17:53:42.899999,2015-05-06 17:53:51.973379,0.6161892866536881,
2015-05-06 17:53:46.000000,370.002,3.420764695086884,5.66714,8.544410000000001,59.2083,-126.593,700.4639999999998,67.9553,9.07319,67.9616,1.0,0.0,529.0,0.8756700608174435,0.8568910603534444,2015-05-06 17:53:36.926810,2015-05-06 17:53:46.000000,0.7415231409187149,0.9323872066076486
2015-05-06 18:53:03.700000,790.0039999999998,6.6713622248439135,6.16217,13.7037,-78.06,-86.6201,641.715,68.1915,9.02512,68.192,0.0,4.0,179.0,0.7221209177525238,0.8012107286616548,2015-05-06 18:53:03.700000,2015-05-06 18:53:12.725120,0.4959050786996534,0.14999999999999986
2015-05-06 19:33:09.500000,200.001,12.726361552307726,6.05125,8.02384,65.2395,-155.49200000000005,702.7180000000002,67.7888,9.05206,67.7939,1.0,4.0,70.0,0.4570545714532369,0.8157998936062235,2015-05-06 19:33:09.500000,2015-05-06 19:33:18.552060,0.435000624999375,
2015-05-06 19:33:18.600000,130.001,6.086895139768957,6.04574,8.02397,65.2407,-155.543,702.4830000000002,67.783,9.05135,67.788,1.0,0.0,70.0,-0.046922708148195366,0.8403455610416203,2015-05-06 19:33:09.548650,2015-05-06 19:33:18.600000,0.10000150000000003,0.5970234771856663
2015-05-10 06:56:02.000000,220.001,4.2640238242244575,7.42342,22.3051,58.9576,-115.249,681.3389999999998,61.4715,8.18469,61.483,1.0,0.0,432.0,-0.16668188697360858,0.8672095870497191,2015-05-10 06:55:53.815310,2015-05-10 06:56:02.000000,,0.30365501514974197
2015-05-10 12:32:16.100000,950.005,3.6935328672630514,8.47541,10.6448,-78.1934,9.14838,646.531,61.6996,8.17152,61.7011,0.0,0.0,157.0,0.19215923520540384,0.8889553606864811,2015-05-10 12:32:07.928480,2015-05-10 12:32:16.100000,,0.9614786262274584
2015-05-10 14:09:25.800000,1010.01,5.0747342002899085,8.19524,11.5294,-79.8092,-6.1066400000000005,645.8380000000002,61.6228,8.1604,61.6239,0.0,0.0,173.0,-0.16172506061766947,0.8883574473076347,2015-05-10 14:09:17.639600,2015-05-10 14:09:25.800000,0.1888890123443069,0.6028737878170516
2015-05-10 14:09:48.700000,690.0039999999998,3.984784264227,7.439610000000001,11.4331,-78.8767,-11.9041,646.318,61.6282,8.16175,61.6295,0.0,0.0,183.0,0.13872939693999264,0.805881651793347,2015-05-10 14:09:40.538250,2015-05-10 14:09:48.700000,0.7551932152093117,0.2529411591696502
2015-05-10 14:09:55.200000,970.005,6.1936261047667225,7.23073,11.4071,-78.5945,-13.379,646.452,61.6296,8.16212,61.631,0.0,0.0,183.0,0.3530294758749011,0.8773647927860703,2015-05-10 14:09:47.037880,2015-05-10 14:09:55.200000,0.5982541821483667,0.5647128592570059
2015-05-10 14:10:08.699999,980.005,5.656870123295993,6.8597600000000005,11.3609,-77.9875,-16.2172,646.727,61.6325,8.16288,61.63399999999999,0.0,0.0,183.0,0.21621055056062066,0.8653831461218171,2015-05-10 14:10:00.537119,2015-05-10 14:10:08.699999,,0.9008919893230424
2015-05-10 23:51:51.700000,150.001,2.8401989758158117,5.86524,19.6898,-77.4707,-61.4942,640.501,61.1352,8.089830000000001,61.136,0.0,0.0,470.0,-3.217288488641644e-05,0.9160750837297356,2015-05-10 23:51:43.610170,2015-05-10 23:51:51.700000,,0.7357121290493619
2015-05-11 03:20:05.299999,1050.01,7.221704222839133,6.80961,11.3384,-52.4776,115.798,656.169,60.9796,8.09197,60.9936,1.0,0.0,977.0,-0.14216933204498378,0.9148317480937954,2015-05-11 03:19:57.208029,2015-05-11 03:20:05.299999,0.1875012500000004,0.8155998233758529
2015-05-11 04:09:42.000000,250.001,4.42006315988252,4.65741,23.0189,50.9986,-77.153,672.279,60.1781,8.003810000000001,60.1944,1.0,0.0,779.0,-0.3642789474021506,0.8267747411176588,2015-05-11 04:09:33.996190,2015-05-11 04:09:42.000000,0.09999950000499994,0.5492428822312172
2015-05-11 14:23:46.200000,780.0039999999998,8.039187091126053,5.23335,21.6973,-48.9177,110.202,629.1,59.769,7.90141,59.7779,1.0,4.0,737.0,0.1515556573236763,0.9562006942169682,2015-05-11 14:23:38.298590,2015-05-11 14:23:46.200000,0.07499987500062506,0.6578512290349073
2015-05-11 14:38:30.399999,2300.01,6.857542015632356,4.85534,11.3152,-73.9365,-35.2949,650.055,59.9393,7.94285,59.9414,0.0,0.0,734.0,0.034227817712615585,0.8142721705485392,2015-05-11 14:38:22.457149,2015-05-11 14:38:30.399999,,0.5666343243649102
2015-05-11 16:52:03.100000,490.003,13.296718748966004,5.27562,8.95583,54.9911,-109.138,700.721,59.2836,7.91621,59.2924,1.0,0.0,739.0,0.2597112974216061,0.8671860466826666,2015-05-11 16:52:03.100000,2015-05-11 16:52:11.016210,0.4222362581414753,
2015-05-11 16:52:34.899999,810.0039999999998,1.7918204810260512,5.74134,8.86106,56.3926,-109.909,700.789,59.2719,7.91471,59.28,1.0,0.0,716.0,-0.02072788866277825,0.8297510736599488,2015-05-11 16:52:26.985289,2015-05-11 16:52:34.899999,0.7647060899641767,0.5951660111776651
2015-05-11 18:32:41.799999,340.0019999999999,0.9494345199119948,6.97508,8.02549,64.4532,-139.79399999999998,701.9810000000001,59.0968,7.8909,59.1026,1.0,0.0,417.0,-0.062688818669429,0.8296329132871885,2015-05-11 18:32:33.909099,2015-05-11 18:32:41.799999,,0.5959699682058212
2015-05-11 21:50:09.699999,470.003,2.1371974986667253,6.848389999999998,7.9066,70.7394,164.27599999999995,701.883,58.5772,7.820360000000001,58.5811,1.0,0.0,369.0,0.18977147643364686,0.822825116822172,2015-05-11 21:50:01.879639,2015-05-11 21:50:09.699999,0.200000000005,0.760238173865797
2015-05-11 22:01:37.899999,120.001,4.728585524760344,5.21379,1.03424,64.7054,22.1142,682.8439999999998,58.302,7.76329,58.3091,1.0,0.0,430.0,0.15775159809444822,0.8725288767873194,2015-05-11 22:01:30.136709,2015-05-11 22:01:37.899999,,0.3438885994469939
2015-05-11 23:28:13.300000,530.003,2.15727333792144,6.94838,8.281939999999999,71.5875,138.514,701.735,59.3983,7.929689999999999,59.4019,1.0,0.0,250.0,-0.061296090815200786,0.8139042402122897,2015-05-11 23:28:05.370310,2015-05-11 23:28:13.300000,,0.6857207293632228
2015-05-12 00:29:08.599999,530.003,5.769154830184146,8.68546,12.6391,-60.4003,162.296,655.548,60.6714,8.04846,60.6791,1.0,4.0,87.0,-0.024299043101510032,0.8009151173252397,2015-05-12 00:29:08.599999,2015-05-12 00:29:16.648459,0.4787307059602726,
2015-05-12 00:30:37.399999,320.002,3.8890928207994655,6.2398099999999985,12.2484,-55.6203,159.458,657.03,60.6384,8.04715,60.6484,1.0,0.0,76.0,-0.1253900508328976,0.8150899466615633,2015-05-12 00:30:29.352849,2015-05-12 00:30:37.399999,,0.6951881195547062
2015-05-12 08:22:29.199999,670.0039999999998,9.460212242764577,4.63246,22.4251,-59.4173,-163.93200000000004,632.97,58.2436,7.701689999999998,58.253,1.0,4.0,670.0,-0.07063023824214891,0.8134475903063229,2015-05-12 08:22:21.498309,2015-05-12 08:22:29.199999,0.4400005599946401,
2015-05-12 09:27:15.500000,300.002,2.7735125017987325,4.81486,22.0413,61.1637,-151.79,678.567,57.9156,7.707889999999999,57.9292,1.0,0.0,447.0,0.5258681157024216,0.8052967910255047,2015-05-12 09:27:07.792110,2015-05-12 09:27:15.500000,0.09999950000499976,0.34065945900208083
2015-05-12 14:03:56.799999,670.0039999999998,7.378669541152539,5.919,9.56231,56.1889,-67.6664,700.738,57.5827,7.6891,57.594,1.0,0.0,687.0,-0.18292940632520824,0.8100245868844163,2015-05-12 14:03:49.110899,2015-05-12 14:03:56.799999,0.05002333333333322,0.8189039479230862
2015-05-12 15:03:15.199999,960.005,2.491014410680203,7.869389999999999,12.0666,-80.2374,-16.2813,648.731,56.6935,7.51058,56.694,0.0,0.0,350.0,0.2104172422444,0.8225805754522612,2015-05-12 15:03:07.689419,2015-05-12 15:03:15.199999,0.1750000000000008,0.7727593503370138
2015-05-12 15:56:11.400000,170.00099999999995,3.1529732548852194,5.904730000000002,23.5533,68.5648,117.132,684.595,56.2412,7.49028,56.2493,1.0,0.0,355.0,-0.4348865250598265,0.8466031312823736,2015-05-12 15:56:11.400000,2015-05-12 15:56:18.890280,0.3230765070292177,
2015-05-12 15:56:13.599999,250.001,4.2000075999932,5.8444699999999985,23.5484,68.441,116.986,684.554,56.2403,7.4900600000000015,56.2484,1.0,0.0,355.0,-0.463618699870031,0.8553127857635648,2015-05-12 15:56:13.599999,2015-05-12 15:56:21.090059,0.3287453252716761,
2015-05-12 15:56:17.500000,230.001,3.29089140239362,5.9492400000000005,23.5568,68.6452,117.18,684.375,56.2389,7.48971,56.2471,1.0,0.0,355.0,0.0177731445572759,0.9601768163205704,2015-05-12 15:56:10.010290,2015-05-12 15:56:17.500000,,0.3799895892853953
2015-05-12 15:56:18.800000,270.001,5.374023699242092,5.92048,23.5546,68.5721,117.094,684.304,56.2384,7.4896,56.2466,1.0,0.0,355.0,1.8983017950350082e-06,0.8801945758816014,2015-05-12 15:56:11.310400,2015-05-12 15:56:18.800000,,0.2701397530857553
2015-05-12 16:30:06.200000,110.001,3.015126876707629,6.369269999999998,21.0137,-54.9107,76.3761,630.937,56.6687,7.4923,56.6781,0.0,4.0,442.0,0.10422215344984156,0.8474032596420518,2015-05-12 16:30:06.200000,2015-05-12 16:30:13.692300,0.4410695293459903,0.1999845048035107
2015-05-12 16:30:07.599999,110.001,5.455362634553518,6.18922,21.0364,-54.543,76.5139,631.048,56.67,7.492489999999999,56.6794,1.0,4.0,442.0,0.3069694549994181,0.8132256041137967,2015-05-12 16:30:00.107509,2015-05-12 16:30:07.599999,0.1,0.7666666666666665
2015-05-12 18:59:26.000000,260.001,3.000020624950196,5.96817,8.16427,63.4624,-145.743,701.3710000000002,57.3133,7.65235,57.3209,1.0,0.0,591.0,0.4811424155153488,0.8803132879029465,2015-05-12 18:59:18.347650,2015-05-12 18:59:26.000000,,0.655952896824641
2015-05-12 19:59:49.100000,760.0039999999998,2.753052680458297,4.87993,13.1529,-70.5548,-121.314,653.548,57.5179,7.62623,57.5217,1.0,0.0,413.0,0.13701314088894476,0.8586649431992648,2015-05-12 19:59:49.100000,2015-05-12 19:59:56.726230,0.6560308373791728,
2015-05-12 19:59:54.100000,730.0039999999998,2.3408282348180762,4.821269999999998,13.1245,-70.2755,-121.712,653.757,57.5194,7.6266,57.5234,1.0,0.0,413.0,0.6817877145673603,0.8266385558863053,2015-05-12 19:59:54.100000,2015-05-12 20:00:01.726600,0.5204396350675203,
2015-05-12 21:26:21.800000,910.005,4.542204060650612,4.04325,20.4221,-64.6376,-3.36645,635.558,57.2112,7.567069999999998,57.2157,0.0,4.0,217.0,0.06601838355935502,0.8251230964173992,2015-05-12 21:26:14.232930,2015-05-12 21:26:21.800000,,0.9082594516926504
2015-05-13 01:44:09.300000,320.002,3.376648834557672,10.2936,0.910181,65.0409,-33.251,680.467,56.6029,7.534510000000001,56.6115,-1.0,0.0,688.0,-0.2505983074617218,0.8739377565910602,2015-05-13 01:44:01.765490,2015-05-13 01:44:09.300000,0.06249981250281263,0.8688154699969676
